1807  -0.9  -0.1  -0.8   5.7  11.6  14.5  18.0  21.8  11.0   7.8   4.4   1.6   505   505   505   505   505   505   505   505   505   505   505   505 
1808  -1.9  -2.6  -3.4   4.8  12.7  16.4  18.3  19.0  14.1   6.7   0.8  -5.8   505   505   505   505   505   505   505   505   505   505   505   505 
1809  -8.0  -0.8  -2.4   3.8  11.6  15.4  17.1  18.0  13.3   6.3   2.0   1.3   505   505   505   505   505   505   505   505   505   505   505   505 
1810  -1.9  -1.9   0.0   4.7   9.1  12.6  18.5  16.9  13.5   6.8   3.4  -0.2   505   505   505   505   505   505   505   505   505   505   505   505 
1811  -5.9  -2.8   3.0   6.5  14.3  18.2  19.2  16.3  11.6   8.0   2.8   0.4   505   505   505   505   505   505   505   505   505   505   505   505 
1812  -6.7  -3.2  -0.3   2.1   8.7  14.6  15.6  16.0  11.1   8.8   0.2  -7.0   505   505   505   505   505   505   505   505   505   505   505   505 
1813  -4.6   1.5   0.8   7.3  10.4  13.2  16.9  14.8  12.0   5.1   3.2  -0.3   505   505   505   505   505   505   505   505   505   505   505   505 
1814  -5.1  -7.4  -2.0   7.1   6.7  12.4  18.4  15.6   9.6   5.7   3.3   0.0   505   505   505   505   505   505   505   505   505   505   505   505 
1815  -7.4  -1.4   1.6   6.3  11.1  13.7  14.6  15.9  10.7   7.6   3.0  -5.8   505   505   505   505   505   505   505   505   505   505   505   505 
1816  -1.7  -4.7   0.3   6.3   9.3  14.3  16.0  14.1  11.1   6.0   1.5  -1.5   505   505   505   505   505   505   505   505   505   505   505   505 
1817   0.6   1.6   1.4   3.9  11.8  15.0  15.7  16.7  11.7   4.5   3.4  -3.7   505   505   505   505   505   505   505   505   505   505   505   505 
1818  -1.9  -1.0   2.1   4.7   9.9  12.5  17.1  14.5  11.7   6.5   3.0  -1.4   505   505   505   505   505   505   505   505   505   505   505   505 
1819   0.1  -0.6   2.2   6.6  10.6  16.5  17.3  17.6  13.3   7.6   1.0  -5.5   505   505   505   505   505   505   505   505   505   505   505   505 
1820  -6.0  -1.6   0.6   6.9  11.9  12.8  15.0  16.4  11.4   7.6   2.0  -5.0   505   505   505   505   505   505   505   505   505   505   505   505 
1821  -3.0  -3.2  -1.8   8.8  11.1  10.7  14.4  14.4  13.1   8.2   5.5   1.4   505   505   505   505   505   505   505   505   505   505   505   505 
1822  -0.9   0.9   4.2   7.8  11.5  14.2  17.8  14.9  11.2   8.7   4.2  -1.5   505   505   505   505   505   505   505   505   505   505   505   505 
1823 -10.8  -4.3   0.3   4.5  10.6  14.8  15.5  16.4  11.6   9.3   5.7   0.4   505   505   505   505   505   505   505   505   505   505   505   505 
1824   0.5   0.0   0.8   6.3  10.0  13.9  15.8  15.3  14.9   7.8   4.1   2.0   505   505   505   505   505   505   505   505   505   505   505   505 
1825   0.4  -1.4  -1.8   6.1  10.0  14.0  16.0  15.4  12.2   7.4   4.2   0.3   505   505   505   505   505   505   505   505   505   505   505   505 
1826  -8.2  -0.7   0.7   5.9  10.2  16.1  19.6  18.1  12.3   8.2   1.7  -0.6   505   505   505   505   505   505   505   505   505   505   505   505 
1827  -3.3  -6.2   0.2   7.8  12.1  16.0  16.4  15.2  12.4   7.1   0.2   0.5   505   505   505   505   505   505   505   505   505   505   505   505 
1828  -6.9  -5.3   0.0   5.4   9.6  14.4  17.2  15.0  10.8   6.3   1.2  -3.7   505   505   505   505   505   505   505   505   505   505   505   505 
1829  -9.9  -7.1  -3.5   2.9   8.7  13.6  16.7  15.0  12.0   4.9  -1.2  -9.5   505   505   505   505   505   505   505   505   505   505   505   505 
1830  -9.4  -6.9   1.8   7.0  10.0  14.7  15.9  15.5  11.8   7.4   4.3  -1.6   505   505   505   505   505   505   505   505   505   505   505   505 
1831  -6.1  -2.0  -1.4   8.4  10.3  14.2  16.9  15.3  10.8   9.7   1.9  -1.1   505   505   505   505   505   505   505   505   505   505   505   505 
1832  -3.8  -3.1  -0.6   4.6   8.5  12.8  13.3  15.1  10.2   7.8   0.8  -2.3   505   505   505   505   505   505   505   505   505   505   505   505 
1833  -4.0   0.0  -0.5   4.5  13.0  14.6  15.7  12.8  12.1   6.3   2.5   1.2   505   505   505   505   505   505   505   505   505   505   505   505 
1834  -1.5  -0.7   0.8   5.5  12.6  14.8  18.8  18.7  13.5   7.7   3.1   1.2   505   505   505   505   505   505   505   505   505   505   505   505 
1835  -0.2   0.8   1.2   5.0   9.8  14.9  16.5  13.3  12.0   6.9   0.3  -2.7   505   505   505   505   505   505   505   505   505   505   505   505 
1836  -2.7  -0.5   5.4   7.5   8.4  14.5  14.6  13.7  11.5   9.5   0.2  -0.4   505   505   505   505   505   505   505   505   505   505   505   505 
1837  -3.1  -3.0  -1.5   5.3   9.9  13.1  14.8  16.0  11.5   8.0   3.7  -2.6   505   505   505   505   505   505   505   505   505   505   505   505 
1838 -12.1  -7.2  -1.5   5.6   9.4  13.3  16.2  14.0  13.1   6.0   1.5  -0.5   505   505   505   505   505   505   505   505   505   505   505   505 
1839 -99.0 -99.0 -99.0 -99.0 -99.0 -99.0 -99.0 -99.0 -99.0 -99.0 -99.0 -99.0   -99   -99   -99   -99   -99   -99   -99   -99   -99   -99   -99   -99 
1840 -99.0 -99.0 -99.0 -99.0 -99.0 -99.0 -99.0 -99.0 -99.0 -99.0 -99.0 -99.0   -99   -99   -99   -99   -99   -99   -99   -99   -99   -99   -99   -99 
1841 -99.0 -99.0 -99.0 -99.0 -99.0 -99.0 -99.0 -99.0 -99.0 -99.0 -99.0 -99.0   -99   -99   -99   -99   -99   -99   -99   -99   -99   -99   -99   -99 
1842 -99.0 -99.0 -99.0 -99.0 -99.0 -99.0 -99.0 -99.0 -99.0 -99.0 -99.0 -99.0   -99   -99   -99   -99   -99   -99   -99   -99   -99   -99   -99   -99 
1843 -99.0 -99.0 -99.0 -99.0 -99.0 -99.0 -99.0 -99.0 -99.0 -99.0 -99.0 -99.0   -99   -99   -99   -99   -99   -99   -99   -99   -99   -99   -99   -99 
1844 -99.0 -99.0 -99.0 -99.0 -99.0 -99.0 -99.0 -99.0 -99.0 -99.0 -99.0 -99.0   -99   -99   -99   -99   -99   -99   -99   -99   -99   -99   -99   -99 
1845 -99.0 -99.0 -99.0 -99.0 -99.0 -99.0 -99.0 -99.0 -99.0 -99.0 -99.0 -99.0   -99   -99   -99   -99   -99   -99   -99   -99   -99   -99   -99   -99 
1846 -99.0 -99.0 -99.0 -99.0 -99.0 -99.0 -99.0 -99.0 -99.0 -99.0 -99.0 -99.0   -99   -99   -99   -99   -99   -99   -99   -99   -99   -99   -99   -99 
1847 -99.0 -99.0 -99.0 -99.0 -99.0 -99.0 -99.0 -99.0 -99.0 -99.0 -99.0 -99.0   -99   -99   -99   -99   -99   -99   -99   -99   -99   -99   -99   -99 
1848 -99.0 -99.0 -99.0 -99.0 -99.0 -99.0 -99.0 -99.0 -99.0 -99.0 -99.0 -99.0   -99   -99   -99   -99   -99   -99   -99   -99   -99   -99   -99   -99 
1849 -99.0 -99.0 -99.0 -99.0 -99.0 -99.0 -99.0 -99.0 -99.0 -99.0 -99.0 -99.0   -99   -99   -99   -99   -99   -99   -99   -99   -99   -99   -99   -99 
1850 -99.0 -99.0 -99.0 -99.0 -99.0 -99.0 -99.0 -99.0 -99.0 -99.0 -99.0 -99.0   -99   -99   -99   -99   -99   -99   -99   -99   -99   -99   -99   -99 
1851 -99.0 -99.0 -99.0 -99.0 -99.0 -99.0 -99.0 -99.0 -99.0 -99.0 -99.0 -99.0   -99   -99   -99   -99   -99   -99   -99   -99   -99   -99   -99   -99 
1852 -99.0 -99.0 -99.0 -99.0 -99.0 -99.0 -99.0 -99.0 -99.0 -99.0 -99.0 -99.0   -99   -99   -99   -99   -99   -99   -99   -99   -99   -99   -99   -99 
1853  -1.2  -5.5  -4.2   3.6  10.0  15.7  17.5  15.2  12.0   8.0   1.4  -3.1   505   505   505   505   505   505   505   505   505   505   505   505 
1854  -4.1  -2.4   0.9   6.2  12.1  14.1  17.7  16.5  11.9   7.6   1.0  -0.3   505   505   505   505   505   505   505   505   505   505   505   505 
1855  -6.2  -9.4  -1.2   4.4   8.9  15.6  17.8  16.6  11.4  10.4   1.9  -6.5   505   505   505   505   505   505   505   505   505   505   505   505 
1856  -2.0  -2.5  -1.5   7.3   9.3  14.6  14.9  13.9  11.7   8.7  -0.3   0.1   505   505   505   505   505   505   505   505   505   505   505   505 
1857  -3.8  -2.9   0.1   5.6   9.4  15.0  17.0  18.5  13.4   9.3   3.4   3.0   505   505   505   505   505   505   505   505   505   505   505   505 
1858  -4.2  -6.7  -0.9   3.0   9.8  16.6  18.4  18.1  13.6   9.2  -1.8  -2.5   505   505   505   505   505   505   505   505   505   505   505   505 
1859   0.1   0.9   2.0   5.4  12.1  16.0  18.3  18.6  12.0   8.3   2.5  -4.1   505   505   505   505   505   505   505   505   505   505   505   505 
1860  -1.1  -2.5  -1.0   7.0  11.7  16.0  16.6  15.0  12.5   6.1   1.3  -3.5   505   505   505   505   505   505   505   505   505   505   505   505 
1861  -5.9   0.6   2.6   4.6   8.5  16.7  18.5  16.1  11.3   7.5   3.5   0.3   505   505   505   505   505   505   505   505   505   505   505   505 
1862  -5.8  -4.2  -0.7   6.1  12.4  15.2 -99.0  15.9  12.6   8.6  -0.4  -5.0   505   505   505   505   505   505   -99   505   505   505   505   505 
1863   1.0   1.7   2.8   6.7  10.6  15.7  14.7  16.5  12.5  10.0   4.4   0.6   505   505   505   505   505   505   505   505   505   505   505   505 
1864  -4.3  -1.7   1.8   4.8   6.8  15.0  15.7  12.6  11.7   6.8   0.6  -4.0   505   505   505   505   505   505   505   505   505   505   505   505 
1865  -2.1  -7.5  -2.2   5.9  13.4  11.6  19.1  15.1  12.3   6.7   4.1   0.7   505   505   505   505   505   505   505   505   505   505   505   505 
1866   2.2  -0.9  -0.3   7.5   9.0  17.2  15.4  14.8  14.2   6.0   2.6  -1.5   505   505   505   505   505   505   505   505   505   505   505   505 
1867  -2.9   0.6  -2.7   5.1   6.9  13.0  14.8  15.1  11.6   7.5   1.5  -3.9   505   505   505   505   505   505   505   505   505   505   505   505 
1868  -4.2  -1.0   1.4   6.5  12.9  16.2  18.3  18.6  13.1   7.8   0.7   0.4   505   505   505   505   505   505   505   505   505   505   505   505 
1869 -99.0 -99.0 -99.0 -99.0 -99.0 -99.0 -99.0 -99.0 -99.0 -99.0 -99.0 -99.0   -99   -99   -99   -99   -99   -99   -99   -99   -99   -99   -99   -99 
1870 -99.0 -99.0 -99.0 -99.0 -99.0 -99.0 -99.0 -99.0 -99.0 -99.0 -99.0 -99.0   -99   -99   -99   -99   -99   -99   -99   -99   -99   -99   -99   -99 
1871 -99.0 -99.0 -99.0 -99.0 -99.0 -99.0 -99.0 -99.0 -99.0 -99.0 -99.0 -99.0   -99   -99   -99   -99   -99   -99   -99   -99   -99   -99   -99   -99 
1872 -99.0 -99.0 -99.0 -99.0 -99.0 -99.0 -99.0 -99.0 -99.0 -99.0 -99.0 -99.0   -99   -99   -99   -99   -99   -99   -99   -99   -99   -99   -99   -99 
1873 -99.0 -99.0 -99.0 -99.0 -99.0 -99.0 -99.0 -99.0 -99.0 -99.0 -99.0 -99.0   -99   -99   -99   -99   -99   -99   -99   -99   -99   -99   -99   -99 
1874 -99.0 -99.0 -99.0 -99.0 -99.0 -99.0 -99.0 -99.0 -99.0 -99.0 -99.0 -99.0   -99   -99   -99   -99   -99   -99   -99   -99   -99   -99   -99   -99 
1875 -99.0 -99.0 -99.0 -99.0 -99.0 -99.0 -99.0 -99.0 -99.0 -99.0 -99.0 -99.0   -99   -99   -99   -99   -99   -99   -99   -99   -99   -99   -99   -99 
1876 -99.0 -99.0 -99.0 -99.0 -99.0 -99.0 -99.0 -99.0 -99.0 -99.0 -99.0 -99.0   -99   -99   -99   -99   -99   -99   -99   -99   -99   -99   -99   -99 
1877 -99.0 -99.0 -99.0 -99.0 -99.0 -99.0 -99.0 -99.0 -99.0 -99.0 -99.0 -99.0   -99   -99   -99   -99   -99   -99   -99   -99   -99   -99   -99   -99 
1878 -99.0 -99.0 -99.0 -99.0 -99.0 -99.0 -99.0 -99.0 -99.0 -99.0 -99.0 -99.0   -99   -99   -99   -99   -99   -99   -99   -99   -99   -99   -99   -99 
1879 -99.0 -99.0 -99.0 -99.0 -99.0 -99.0 -99.0 -99.0 -99.0 -99.0 -99.0 -99.0   -99   -99   -99   -99   -99   -99   -99   -99   -99   -99   -99   -99 
1880 -99.0 -99.0 -99.0 -99.0 -99.0 -99.0 -99.0 -99.0 -99.0 -99.0 -99.0 -99.0   -99   -99   -99   -99   -99   -99   -99   -99   -99   -99   -99   -99 
1881 -99.0 -99.0 -99.0 -99.0 -99.0 -99.0 -99.0 -99.0 -99.0 -99.0 -99.0 -99.0   -99   -99   -99   -99   -99   -99   -99   -99   -99   -99   -99   -99 
1882 -99.0 -99.0 -99.0 -99.0 -99.0 -99.0 -99.0 -99.0 -99.0 -99.0 -99.0 -99.0   -99   -99   -99   -99   -99   -99   -99   -99   -99   -99   -99   -99 
1883 -99.0 -99.0 -99.0 -99.0 -99.0 -99.0 -99.0 -99.0 -99.0 -99.0 -99.0 -99.0   -99   -99   -99   -99   -99   -99   -99   -99   -99   -99   -99   -99 
1884 -99.0 -99.0 -99.0 -99.0 -99.0 -99.0 -99.0 -99.0 -99.0 -99.0 -99.0 -99.0   -99   -99   -99   -99   -99   -99   -99   -99   -99   -99   -99   -99 
1885 -99.0 -99.0 -99.0 -99.0 -99.0 -99.0 -99.0 -99.0 -99.0 -99.0 -99.0 -99.0   -99   -99   -99   -99   -99   -99   -99   -99   -99   -99   -99   -99 
1886 -99.0 -99.0 -99.0 -99.0 -99.0 -99.0 -99.0 -99.0 -99.0 -99.0 -99.0 -99.0   -99   -99   -99   -99   -99   -99   -99   -99   -99   -99   -99   -99 
1887 -99.0 -99.0 -99.0 -99.0 -99.0 -99.0 -99.0 -99.0 -99.0 -99.0 -99.0 -99.0   -99   -99   -99   -99   -99   -99   -99   -99   -99   -99   -99   -99 
1888 -99.0 -99.0 -99.0 -99.0 -99.0 -99.0 -99.0 -99.0 -99.0 -99.0 -99.0 -99.0   -99   -99   -99   -99   -99   -99   -99   -99   -99   -99   -99   -99 
1889 -99.0 -99.0 -99.0 -99.0 -99.0 -99.0 -99.0 -99.0 -99.0 -99.0 -99.0 -99.0   -99   -99   -99   -99   -99   -99   -99   -99   -99   -99   -99   -99 
1890 -99.0 -99.0 -99.0 -99.0 -99.0 -99.0 -99.0 -99.0 -99.0 -99.0 -99.0 -99.0   -99   -99   -99   -99   -99   -99   -99   -99   -99   -99   -99   -99 
1891 -99.0 -99.0 -99.0 -99.0 -99.0 -99.0 -99.0 -99.0 -99.0 -99.0 -99.0 -99.0   -99   -99   -99   -99   -99   -99   -99   -99   -99   -99   -99   -99 
1892 -99.0 -99.0 -99.0 -99.0 -99.0 -99.0 -99.0 -99.0 -99.0 -99.0 -99.0 -99.0   -99   -99   -99   -99   -99   -99   -99   -99   -99   -99   -99   -99 
1893 -99.0 -99.0 -99.0 -99.0 -99.0 -99.0 -99.0 -99.0 -99.0 -99.0 -99.0 -99.0   -99   -99   -99   -99   -99   -99   -99   -99   -99   -99   -99   -99 
1894 -99.0 -99.0 -99.0 -99.0 -99.0 -99.0 -99.0 -99.0 -99.0 -99.0 -99.0 -99.0   -99   -99   -99   -99   -99   -99   -99   -99   -99   -99   -99   -99 
1895 -99.0 -99.0 -99.0 -99.0 -99.0 -99.0 -99.0 -99.0 -99.0 -99.0 -99.0 -99.0   -99   -99   -99   -99   -99   -99   -99   -99   -99   -99   -99   -99 
1896 -99.0 -99.0 -99.0 -99.0 -99.0 -99.0 -99.0 -99.0 -99.0 -99.0 -99.0 -99.0   -99   -99   -99   -99   -99   -99   -99   -99   -99   -99   -99   -99 
1897 -99.0 -99.0 -99.0 -99.0 -99.0 -99.0 -99.0 -99.0 -99.0 -99.0 -99.0 -99.0   -99   -99   -99   -99   -99   -99   -99   -99   -99   -99   -99   -99 
1898 -99.0 -99.0 -99.0 -99.0 -99.0 -99.0 -99.0 -99.0 -99.0 -99.0 -99.0 -99.0   -99   -99   -99   -99   -99   -99   -99   -99   -99   -99   -99   -99 
1899 -99.0 -99.0 -99.0 -99.0 -99.0 -99.0 -99.0 -99.0 -99.0 -99.0 -99.0 -99.0   -99   -99   -99   -99   -99   -99   -99   -99   -99   -99   -99   -99 
1900 -99.0 -99.0 -99.0 -99.0 -99.0 -99.0 -99.0 -99.0 -99.0 -99.0 -99.0 -99.0   -99   -99   -99   -99   -99   -99   -99   -99   -99   -99   -99   -99 
1901 -99.0 -99.0 -99.0 -99.0 -99.0 -99.0 -99.0 -99.0 -99.0 -99.0 -99.0 -99.0   -99   -99   -99   -99   -99   -99   -99   -99   -99   -99   -99   -99 
1902 -99.0 -99.0 -99.0 -99.0 -99.0 -99.0 -99.0 -99.0 -99.0 -99.0 -99.0 -99.0   -99   -99   -99   -99   -99   -99   -99   -99   -99   -99   -99   -99 
1903 -99.0 -99.0 -99.0 -99.0 -99.0 -99.0 -99.0 -99.0 -99.0 -99.0 -99.0 -99.0   -99   -99   -99   -99   -99   -99   -99   -99   -99   -99   -99   -99 
1904 -99.0 -99.0 -99.0 -99.0 -99.0 -99.0 -99.0 -99.0 -99.0 -99.0 -99.0 -99.0   -99   -99   -99   -99   -99   -99   -99   -99   -99   -99   -99   -99 
1905 -99.0 -99.0 -99.0 -99.0 -99.0 -99.0 -99.0 -99.0 -99.0 -99.0 -99.0 -99.0   -99   -99   -99   -99   -99   -99   -99   -99   -99   -99   -99   -99 
1906 -99.0 -99.0 -99.0 -99.0 -99.0 -99.0 -99.0 -99.0 -99.0 -99.0 -99.0 -99.0   -99   -99   -99   -99   -99   -99   -99   -99   -99   -99   -99   -99 
1907 -99.0 -99.0 -99.0 -99.0 -99.0 -99.0 -99.0 -99.0 -99.0 -99.0 -99.0 -99.0   -99   -99   -99   -99   -99   -99   -99   -99   -99   -99   -99   -99 
1908 -99.0 -99.0 -99.0 -99.0 -99.0 -99.0 -99.0 -99.0 -99.0 -99.0 -99.0 -99.0   -99   -99   -99   -99   -99   -99   -99   -99   -99   -99   -99   -99 
1909 -99.0 -99.0 -99.0 -99.0 -99.0 -99.0 -99.0 -99.0 -99.0 -99.0 -99.0 -99.0   -99   -99   -99   -99   -99   -99   -99   -99   -99   -99   -99   -99 
1910 -99.0 -99.0 -99.0 -99.0 -99.0 -99.0 -99.0 -99.0 -99.0 -99.0 -99.0 -99.0   -99   -99   -99   -99   -99   -99   -99   -99   -99   -99   -99   -99 
1911 -99.0 -99.0 -99.0 -99.0 -99.0 -99.0 -99.0 -99.0 -99.0 -99.0 -99.0 -99.0   -99   -99   -99   -99   -99   -99   -99   -99   -99   -99   -99   -99 
1912 -99.0 -99.0 -99.0 -99.0 -99.0 -99.0 -99.0 -99.0 -99.0 -99.0 -99.0 -99.0   -99   -99   -99   -99   -99   -99   -99   -99   -99   -99   -99   -99 
1913 -99.0 -99.0 -99.0 -99.0 -99.0 -99.0 -99.0 -99.0 -99.0 -99.0 -99.0 -99.0   -99   -99   -99   -99   -99   -99   -99   -99   -99   -99   -99   -99 
1914 -99.0 -99.0 -99.0 -99.0 -99.0 -99.0 -99.0 -99.0 -99.0 -99.0 -99.0 -99.0   -99   -99   -99   -99   -99   -99   -99   -99   -99   -99   -99   -99 
1915 -99.0 -99.0 -99.0 -99.0 -99.0 -99.0 -99.0 -99.0 -99.0 -99.0 -99.0 -99.0   -99   -99   -99   -99   -99   -99   -99   -99   -99   -99   -99   -99 
1916 -99.0 -99.0 -99.0 -99.0 -99.0 -99.0 -99.0 -99.0 -99.0 -99.0 -99.0 -99.0   -99   -99   -99   -99   -99   -99   -99   -99   -99   -99   -99   -99 
1917 -99.0 -99.0 -99.0 -99.0 -99.0 -99.0 -99.0 -99.0 -99.0 -99.0 -99.0 -99.0   -99   -99   -99   -99   -99   -99   -99   -99   -99   -99   -99   -99 
1918 -99.0 -99.0 -99.0 -99.0 -99.0 -99.0 -99.0 -99.0 -99.0 -99.0 -99.0 -99.0   -99   -99   -99   -99   -99   -99   -99   -99   -99   -99   -99   -99 
1919 -99.0 -99.0 -99.0 -99.0 -99.0 -99.0 -99.0 -99.0 -99.0 -99.0 -99.0 -99.0   -99   -99   -99   -99   -99   -99   -99   -99   -99   -99   -99   -99 
1920 -99.0 -99.0 -99.0 -99.0 -99.0 -99.0 -99.0 -99.0 -99.0 -99.0 -99.0 -99.0   -99   -99   -99   -99   -99   -99   -99   -99   -99   -99   -99   -99 
1921 -99.0 -99.0 -99.0 -99.0 -99.0 -99.0 -99.0 -99.0 -99.0 -99.0 -99.0 -99.0   -99   -99   -99   -99   -99   -99   -99   -99   -99   -99   -99   -99 
1922 -99.0 -99.0 -99.0 -99.0 -99.0 -99.0 -99.0 -99.0 -99.0 -99.0 -99.0 -99.0   -99   -99   -99   -99   -99   -99   -99   -99   -99   -99   -99   -99 
1923 -99.0 -99.0 -99.0 -99.0 -99.0 -99.0 -99.0 -99.0 -99.0 -99.0 -99.0 -99.0   -99   -99   -99   -99   -99   -99   -99   -99   -99   -99   -99   -99 
1924 -99.0 -99.0 -99.0 -99.0 -99.0 -99.0 -99.0 -99.0 -99.0 -99.0 -99.0 -99.0   -99   -99   -99   -99   -99   -99   -99   -99   -99   -99   -99   -99 
1925 -99.0 -99.0 -99.0 -99.0 -99.0 -99.0 -99.0 -99.0 -99.0 -99.0 -99.0 -99.0   -99   -99   -99   -99   -99   -99   -99   -99   -99   -99   -99   -99 
1926 -99.0 -99.0 -99.0 -99.0 -99.0 -99.0 -99.0 -99.0 -99.0 -99.0 -99.0 -99.0   -99   -99   -99   -99   -99   -99   -99   -99   -99   -99   -99   -99 
1927 -99.0 -99.0 -99.0 -99.0 -99.0 -99.0 -99.0 -99.0 -99.0 -99.0 -99.0 -99.0   -99   -99   -99   -99   -99   -99   -99   -99   -99   -99   -99   -99 
1928 -99.0 -99.0 -99.0 -99.0 -99.0 -99.0 -99.0 -99.0 -99.0 -99.0 -99.0 -99.0   -99   -99   -99   -99   -99   -99   -99   -99   -99   -99   -99   -99 
1929 -99.0 -99.0 -99.0 -99.0 -99.0 -99.0 -99.0 -99.0 -99.0 -99.0 -99.0 -99.0   -99   -99   -99   -99   -99   -99   -99   -99   -99   -99   -99   -99 
1930 -99.0 -99.0 -99.0 -99.0 -99.0 -99.0 -99.0 -99.0 -99.0 -99.0 -99.0 -99.0   -99   -99   -99   -99   -99   -99   -99   -99   -99   -99   -99   -99 
1931 -99.0 -99.0 -99.0 -99.0 -99.0 -99.0 -99.0 -99.0 -99.0 -99.0 -99.0 -99.0   -99   -99   -99   -99   -99   -99   -99   -99   -99   -99   -99   -99 
1932 -99.0 -99.0 -99.0 -99.0 -99.0 -99.0 -99.0 -99.0 -99.0 -99.0 -99.0 -99.0   -99   -99   -99   -99   -99   -99   -99   -99   -99   -99   -99   -99 
1933 -99.0 -99.0 -99.0 -99.0 -99.0 -99.0 -99.0 -99.0 -99.0 -99.0 -99.0 -99.0   -99   -99   -99   -99   -99   -99   -99   -99   -99   -99   -99   -99 
1934 -99.0 -99.0 -99.0 -99.0 -99.0 -99.0 -99.0 -99.0 -99.0 -99.0 -99.0 -99.0   -99   -99   -99   -99   -99   -99   -99   -99   -99   -99   -99   -99 
1935 -99.0 -99.0 -99.0 -99.0 -99.0 -99.0 -99.0 -99.0 -99.0 -99.0 -99.0 -99.0   -99   -99   -99   -99   -99   -99   -99   -99   -99   -99   -99   -99 
1936 -99.0 -99.0 -99.0 -99.0 -99.0 -99.0 -99.0 -99.0 -99.0 -99.0 -99.0 -99.0   -99   -99   -99   -99   -99   -99   -99   -99   -99   -99   -99   -99 
1937 -99.0 -99.0 -99.0 -99.0 -99.0 -99.0 -99.0 -99.0 -99.0 -99.0 -99.0 -99.0   -99   -99   -99   -99   -99   -99   -99   -99   -99   -99   -99   -99 
1938 -99.0 -99.0 -99.0 -99.0 -99.0 -99.0 -99.0 -99.0 -99.0 -99.0 -99.0 -99.0   -99   -99   -99   -99   -99   -99   -99   -99   -99   -99   -99   -99 
1939 -99.0 -99.0 -99.0 -99.0 -99.0 -99.0 -99.0 -99.0 -99.0 -99.0 -99.0 -99.0   -99   -99   -99   -99   -99   -99   -99   -99   -99   -99   -99   -99 
1940 -99.0 -99.0 -99.0 -99.0 -99.0 -99.0 -99.0 -99.0 -99.0 -99.0 -99.0 -99.0   -99   -99   -99   -99   -99   -99   -99   -99   -99   -99   -99   -99 
1941 -99.0 -99.0 -99.0 -99.0 -99.0 -99.0 -99.0 -99.0 -99.0 -99.0 -99.0 -99.0   -99   -99   -99   -99   -99   -99   -99   -99   -99   -99   -99   -99 
1942 -99.0 -99.0 -99.0 -99.0 -99.0 -99.0 -99.0 -99.0 -99.0 -99.0 -99.0 -99.0   -99   -99   -99   -99   -99   -99   -99   -99   -99   -99   -99   -99 
1943 -99.0 -99.0 -99.0 -99.0 -99.0 -99.0 -99.0 -99.0 -99.0 -99.0 -99.0 -99.0   -99   -99   -99   -99   -99   -99   -99   -99   -99   -99   -99   -99 
1944 -99.0 -99.0 -99.0 -99.0 -99.0 -99.0 -99.0 -99.0 -99.0 -99.0 -99.0 -99.0   -99   -99   -99   -99   -99   -99   -99   -99   -99   -99   -99   -99 
1945 -99.0 -99.0 -99.0 -99.0 -99.0 -99.0 -99.0 -99.0 -99.0 -99.0 -99.0 -99.0   -99   -99   -99   -99   -99   -99   -99   -99   -99   -99   -99   -99 
1946 -99.0 -99.0 -99.0 -99.0 -99.0 -99.0 -99.0 -99.0 -99.0 -99.0 -99.0 -99.0   -99   -99   -99   -99   -99   -99   -99   -99   -99   -99   -99   -99 
1947 -99.0 -99.0 -99.0 -99.0 -99.0 -99.0 -99.0 -99.0 -99.0 -99.0 -99.0 -99.0   -99   -99   -99   -99   -99   -99   -99   -99   -99   -99   -99   -99 
1948 -99.0 -99.0 -99.0 -99.0 -99.0 -99.0 -99.0 -99.0 -99.0 -99.0 -99.0 -99.0   -99   -99   -99   -99   -99   -99   -99   -99   -99   -99   -99   -99 
1949 -99.0 -99.0 -99.0 -99.0 -99.0 -99.0 -99.0 -99.0 -99.0 -99.0 -99.0 -99.0   -99   -99   -99   -99   -99   -99   -99   -99   -99   -99   -99   -99 
1950 -99.0 -99.0 -99.0 -99.0 -99.0 -99.0 -99.0 -99.0 -99.0 -99.0 -99.0 -99.0   -99   -99   -99   -99   -99   -99   -99   -99   -99   -99   -99   -99 
1951  -3.2  -2.1  -1.5   7.2   8.5  14.9  16.5  17.9  13.6   6.4   4.8   2.0   505   505   505   505   505   505   505   505   505   505   505   505 
1952  -1.1  -1.8  -3.2   7.4   9.3  13.3  16.0  15.9  10.0   6.1   1.4  -2.0   505   505   505   505   505   505   505   505   505   505   505   505 
1953  -2.7  -2.4   2.1   7.2  10.8  16.1  18.2  15.7  12.4   9.0   3.1  -1.3   505   505   505   505   505   505   505   505   505   505   505   505 
1954  -5.6  -9.7   0.2   3.4  10.1  16.4  15.4  15.3  12.6   8.2   1.9   1.4   505   505   505   505   505   505   505   505   505   505   505   505 
1955  -3.9  -3.7  -2.2   3.5   9.0  12.9  17.0  18.1  13.6   7.5   3.4  -0.4   505   505   505   505   505   505   505   505   505   505   505   505 
1956  -2.4  -9.3  -1.9   2.8  11.1  14.8  15.6  13.5  11.4   7.7   0.5  -0.5   505   505   505   505   505   505   505   505   505   505   505   505 
1957  -0.9   1.3   0.8   4.7   8.9  14.5  17.0  15.2  10.2   8.4   4.5  -0.8   505   505   505   505   505   505   505   505   505   505   505   505 
1958  -3.0  -2.6  -3.0   3.1  11.6  12.9  16.4  15.5  12.3   8.9   4.0  -0.6   505   505   505   505   505   505   505   505   505   505   505   505 
1959  -1.7  -1.7   2.5   7.7  10.1  14.5  18.9  17.3  11.6   7.7   2.3  -2.2   505   505   505   505   505   505   505   505   505   505   505   505 
1960  -3.1  -4.1  -1.6   4.8  10.1  15.1  16.0  15.5  11.4   6.9   4.3   1.4   505   505   505   505   505   505   505   505   505   505   505   505 
1961  -2.7   0.9   4.1   7.8   9.5  16.9  15.2  14.3  13.0  10.0   4.0  -3.2   505   505   505   505   505   505   505   505   505   505   505   505 
1962  -0.3  -2.4  -3.3   7.0   8.7  12.9  14.2  14.2  11.0   8.1   2.8  -4.1   505   505   505   505   505   505   505   505   505   505   505   505 
1963  -8.9  -7.0  -2.6   5.8  11.9  14.5  17.8  16.6  13.3   7.9   5.2  -3.3   505   505   505   505   505   505   505   505   505   505   505   505 
1964  -2.8  -4.6  -3.5   6.4  11.7  16.5  17.0  15.3  12.6   6.8   3.7   0.0   505   505   505   505   505   505   505   505   505   505   505   505 
1965  -1.7  -4.1  -0.7   5.0   8.1  14.5  14.4  14.1  13.1   8.2  -1.0  -0.7   505   505   505   505   505   505   505   505   505   505   505   505 
1966  -5.1  -2.7   1.2   4.7  10.9  16.4  16.8  15.8  11.7   9.4   2.2  -0.6   505   505   505   505   505   505   505   505   505   505   505   505 
1967  -4.2  -0.3   4.1   5.6  11.3  14.1  17.7  16.4  14.3  10.5   3.8  -1.4   505   505   505   505   505   505   505   505   505   505   505   505 
1968  -3.7  -2.1   2.6   7.9   9.7  16.2  15.5  16.6  12.9   8.2   3.6  -3.7   505   505   505   505   505   505   505   505   505   505   505   505 
1969  -6.3  -5.6  -2.5   4.9  11.1  14.5  17.9  16.0  13.0   8.3   4.4  -7.5   505   505   505   505   505   505   505   505   505   505   505   505 
1970  -6.9  -6.6  -1.3   5.0   9.6  14.8  15.8  15.5  11.6   7.9   3.5   0.2   505   505   505   505   505   505   505   505   505   505   505   505 
1971  -2.3  -0.5  -1.3   5.8  12.5  13.8  17.0  17.6  10.9   8.6   2.4   2.5   505   505   505   505   505   505   505   505   505   505   505   505 
1972  -7.2  -1.7   1.5   5.9  10.5  14.8  18.6  17.4  12.6   7.8   5.3   0.5   505   505   505   505   505   505   505   505   505   505   505   505 
1973  -1.7   0.9   3.2   5.2  10.9  15.5  17.7  16.5  12.1   6.2   1.5  -1.4   505   505   505   505   505   505   505   505   505   505   505   505 
1974   0.2   2.7   3.7   6.3   8.3  12.8  14.6  16.1  12.8   6.4   3.9   2.4   505   505   505   505   505   505   505   505   505   505   505   505 
1975   2.3   0.0   2.3   4.7  11.3  13.6  17.6  17.7  15.3   8.1   1.1   1.1   505   505   505   505   505   505   505   505   505   505   505   505 
1976  -2.7  -4.7  -2.2   4.7  10.6  13.6  16.4  15.2  11.6   5.2   3.9  -1.9   505   505   505   505   505   505   505   505   505   505   505   505 
1977  -2.2  -1.2   3.0   4.1   9.7  15.2  14.7  15.2  10.2   8.6   4.7   0.2   505   505   505   505   505   505   505   505   505   505   505   505 
1978  -1.4  -4.8   2.3   4.3   9.6  13.7  14.9  15.1  10.3   8.1   6.0  -4.6   505   505   505   505   505   505   505   505   505   505   505   505 
1979  -6.2  -5.8   0.1   4.9  12.7  16.4  13.7  15.4  12.3   6.2   2.4   0.3   505   505   505   505   505   505   505   505   505   505   505   505 
1980  -6.0  -3.4  -2.1   4.3   7.6  14.3  15.6  15.2  12.4   7.6   1.6   0.1   505   505   505   505   505   505   505   505   505   505   505   505 
1981  -2.7  -1.9   1.9   4.1  12.4  14.6  15.8  15.0  12.9   7.4   2.9  -4.6   505   505   505   505   505   505   505   505   505   505   505   505 
1982  -4.7  -2.7   2.8   4.2  11.1  13.5  16.8 -99.0 -99.0 -99.0 -99.0 -99.0   505   505   505   505   505   505   505   -99   -99   -99   -99   -99 
1983 -99.0 -99.0 -99.0 -99.0 -99.0 -99.0 -99.0 -99.0 -99.0 -99.0 -99.0 -99.0   -99   -99   -99   -99   -99   -99   -99   -99   -99   -99   -99   -99 
1984 -99.0 -99.0 -99.0   6.8  12.4 -99.0 -99.0 -99.0 -99.0 -99.0 -99.0 -99.0   -99   -99   -99   505   505   -99   -99   -99   -99   -99   -99   -99 
1985  -8.4  -7.2   1.4   6.0  12.5  13.9  16.6  16.8 -99.0   9.9 -99.0 -99.0   505   505   505   505   505   505   505   505   -99   505   -99   -99 
1986 -99.0 -99.0   1.7 -99.0 -99.0 -99.0 -99.0 -99.0  10.9 -99.0 -99.0 -99.0   -99   -99   505   -99   -99   -99   -99   -99   505   -99   -99   -99 
1987  -7.7 -99.0 -99.0 -99.0 -99.0  14.0 -99.0 -99.0 -99.0   9.3 -99.0 -99.0   505   -99   -99   -99   -99   505   -99   -99   -99   505   -99   -99 
1988 -99.0 -99.0 -99.0 -99.0 -99.0 -99.0 -99.0 -99.0 -99.0 -99.0 -99.0 -99.0   -99   -99   -99   -99   -99   -99   -99   -99   -99   -99   -99   -99 
1989 -99.0 -99.0 -99.0 -99.0 -99.0 -99.0 -99.0 -99.0 -99.0 -99.0 -99.0 -99.0   -99   -99   -99   -99   -99   -99   -99   -99   -99   -99   -99   -99 
1990 -99.0 -99.0 -99.0 -99.0 -99.0 -99.0 -99.0 -99.0 -99.0 -99.0 -99.0 -99.0   -99   -99   -99   -99   -99   -99   -99   -99   -99   -99   -99   -99 
1991 -99.0 -99.0 -99.0 -99.0 -99.0 -99.0 -99.0 -99.0 -99.0 -99.0 -99.0 -99.0   -99   -99   -99   -99   -99   -99   -99   -99   -99   -99   -99   -99 
1992 -99.0 -99.0 -99.0 -99.0 -99.0 -99.0 -99.0 -99.0 -99.0 -99.0 -99.0 -99.0   -99   -99   -99   -99   -99   -99   -99   -99   -99   -99   -99   -99 
1993 -99.0 -99.0 -99.0 -99.0 -99.0 -99.0 -99.0 -99.0 -99.0 -99.0 -99.0 -99.0   -99   -99   -99   -99   -99   -99   -99   -99   -99   -99   -99   -99 
1994 -99.0 -99.0 -99.0 -99.0 -99.0 -99.0 -99.0 -99.0 -99.0 -99.0 -99.0 -99.0   -99   -99   -99   -99   -99   -99   -99   -99   -99   -99   -99   -99 
1995 -99.0 -99.0 -99.0 -99.0 -99.0 -99.0 -99.0 -99.0 -99.0 -99.0 -99.0 -99.0   -99   -99   -99   -99   -99   -99   -99   -99   -99   -99   -99   -99 
1996 -99.0 -99.0 -99.0 -99.0 -99.0 -99.0 -99.0 -99.0 -99.0 -99.0 -99.0 -99.0   -99   -99   -99   -99   -99   -99   -99   -99   -99   -99   -99   -99 
1997 -99.0 -99.0 -99.0 -99.0 -99.0 -99.0 -99.0 -99.0 -99.0 -99.0 -99.0 -99.0   -99   -99   -99   -99   -99   -99   -99   -99   -99   -99   -99   -99 
1998 -99.0 -99.0 -99.0 -99.0 -99.0 -99.0 -99.0 -99.0 -99.0 -99.0 -99.0 -99.0   -99   -99   -99   -99   -99   -99   -99   -99   -99   -99   -99   -99 
1999 -99.0 -99.0 -99.0 -99.0 -99.0 -99.0 -99.0 -99.0 -99.0 -99.0 -99.0 -99.0   -99   -99   -99   -99   -99   -99   -99   -99   -99   -99   -99   -99 
2000 -99.0 -99.0 -99.0 -99.0 -99.0 -99.0 -99.0 -99.0 -99.0 -99.0 -99.0 -99.0   -99   -99   -99   -99   -99   -99   -99   -99   -99   -99   -99   -99 
2001 -99.0 -99.0 -99.0 -99.0 -99.0 -99.0 -99.0 -99.0 -99.0 -99.0 -99.0 -99.0   -99   -99   -99   -99   -99   -99   -99   -99   -99   -99   -99   -99 
2002 -99.0 -99.0 -99.0 -99.0 -99.0 -99.0 -99.0 -99.0 -99.0 -99.0 -99.0 -99.0   -99   -99   -99   -99   -99   -99   -99   -99   -99   -99   -99   -99 
2003 -99.0 -99.0 -99.0 -99.0 -99.0 -99.0 -99.0 -99.0 -99.0 -99.0 -99.0 -99.0   -99   -99   -99   -99   -99   -99   -99   -99   -99   -99   -99   -99 
2004 -99.0 -99.0 -99.0 -99.0 -99.0 -99.0 -99.0 -99.0 -99.0 -99.0 -99.0 -99.0   -99   -99   -99   -99   -99   -99   -99   -99   -99   -99   -99   -99 
2005 -99.0 -99.0 -99.0 -99.0 -99.0 -99.0 -99.0 -99.0 -99.0 -99.0 -99.0 -99.0   -99   -99   -99   -99   -99   -99   -99   -99   -99   -99   -99   -99 
2006 -99.0 -99.0 -99.0 -99.0 -99.0 -99.0 -99.0 -99.0 -99.0 -99.0 -99.0 -99.0   -99   -99   -99   -99   -99   -99   -99   -99   -99   -99   -99   -99 
2007 -99.0 -99.0 -99.0 -99.0 -99.0 -99.0 -99.0 -99.0 -99.0 -99.0 -99.0 -99.0   -99   -99   -99   -99   -99   -99   -99   -99   -99   -99   -99   -99 
2008 -99.0 -99.0 -99.0 -99.0 -99.0 -99.0 -99.0 -99.0 -99.0 -99.0 -99.0 -99.0   -99   -99   -99   -99   -99   -99   -99   -99   -99   -99   -99   -99 
2009 -99.0 -99.0 -99.0 -99.0 -99.0 -99.0 -99.0 -99.0 -99.0 -99.0 -99.0 -99.0   -99   -99   -99   -99   -99   -99   -99   -99   -99   -99   -99   -99 
2010 -99.0 -99.0 -99.0 -99.0 -99.0 -99.0 -99.0 -99.0 -99.0 -99.0 -99.0 -99.0   -99   -99   -99   -99   -99   -99   -99   -99   -99   -99   -99   -99 
2011 -99.0 -99.0 -99.0 -99.0 -99.0 -99.0 -99.0 -99.0 -99.0 -99.0 -99.0 -99.0   -99   -99   -99   -99   -99   -99   -99   -99   -99   -99   -99   -99 
2012 -99.0 -99.0 -99.0 -99.0 -99.0 -99.0 -99.0 -99.0 -99.0 -99.0 -99.0 -99.0   -99   -99   -99   -99   -99   -99   -99   -99   -99   -99   -99   -99 
