1881  -6.9  -1.5   1.1   5.0  12.7  15.7  18.6  15.7  12.2   5.2   5.0   0.6   505   505   505   505   505   505   505   505   505   505   505   505 
1882   1.2   2.1   6.2   7.5  11.4  14.7  18.5  16.1  14.9   7.5   3.1  -0.5   505   505   505   505   505   505   505   505   505   505   505   505 
1883  -1.3   0.9  -2.2   5.0  12.1  16.7  18.2  16.3  14.3   9.1   4.2   1.0   505   505   505   505   505   505   505   505   505   505   505   505 
1884   2.5   2.8   3.5   5.1  12.4  14.7  18.7  16.0  14.7   7.7   0.5   2.1   505   505   505   505   505   505   505   505   505   505   505   505 
1885  -2.5   1.9   2.7   9.3  10.6  17.8  18.9  14.6  13.1   8.0   1.4  -0.4   505   505   505   505   505   505   505   505   505   505   505   505 
1886  -1.4  -4.7  -1.2   9.3  13.4  15.5  17.1  17.5  14.6   8.3   5.1   0.6   505   505   505   505   505   505   505   505   505   505   505   505 
1887  -3.0  -1.1   1.6   7.7  11.0  15.0  19.1  16.2  13.1   6.3   4.0  -0.1   505   505   505   505   505   505   505   505   505   505   505   505 
1888  -2.7  -3.7  -1.2   6.6  12.6  16.1  15.7  15.8  12.1   6.8   2.6   0.8   505   505   505   505   505   505   505   505   505   505   505   505 
1889  -4.9  -2.2  -0.5   8.0  17.2  19.8  17.1  16.2  10.8   8.8   3.1  -1.1   505   505   505   505   505   505   505   505   505   505   505   505 
1890   1.2  -2.1   5.0   8.2  14.7  14.4  16.8  18.3  13.7   7.7   2.9  -6.2   505   505   505   505   505   505   505   505   505   505   505   505 
1891  -5.4  -0.5   3.0   5.7  14.0  15.3  17.8  15.7  13.9  10.3   2.6   1.8   505   505   505   505   505   505   505   505   505   505   505   505 
1892  -3.4   0.4   1.0   7.0  12.3  16.3  16.8  19.1  14.8   7.6   1.3  -2.1   505   505   505   505   505   505   505   505   505   505   505   505 
1893  -9.6   0.3   3.6   7.7  12.1  16.2  18.3  16.9  12.7  10.6   2.1   0.5   505   505   505   505   505   505   505   505   505   505   505   505 
1894  -2.5   1.6   4.7   9.6  12.1  14.4  18.8  15.9  10.8   7.7   4.3  -0.1   505   505   505   505   505   505   505   505   505   505   505   505 
1895  -3.9  -5.3   0.9   8.6  13.5  17.0  18.2  17.1  14.9   7.1   3.5  -1.6   505   505   505   505   505   505   505   505   505   505   505   505 
1896  -1.6   0.1   5.2   5.9  11.2  18.0  18.7  15.3  12.7   9.9   0.7  -1.7   505   505   505   505   505   505   505   505   505   505   505   505 
1897  -4.3  -1.3   4.4   7.7  12.0  17.3  16.5  18.0  12.6   7.3   2.4   0.8   505   505   505   505   505   505   505   505   505   505   505   505 
1898   1.5   1.2   3.5   6.9  12.9  15.9  14.7  18.2  13.1   7.0   4.3   3.3   505   505   505   505   505   505   505   505   505   505   505   505 
1899   1.4   1.9   2.3   7.8  12.1  14.2  18.1  16.4  12.6   7.9   6.7  -4.2   505   505   505   505   505   505   505   505   505   505   505   505 
1900  -1.3  -0.1   0.2   6.6  11.7  17.0  19.3  17.2  13.8   8.6   4.3   2.1   505   505   505   505   505   505   505   505   505   505   505   505 
1901  -4.9  -5.1   2.0   8.1  13.9  16.2  19.5  17.3  13.2  10.3   3.3   0.4   505   505   505   505   505   505   505   505   505   505   505   505 
1902   2.9  -2.3   2.5   6.0   9.4  15.9  15.1  14.3  11.8   6.7  -0.2  -3.8   505   505   505   505   505   505   505   505   505   505   505   505 
1903  -0.5   3.3   5.8   5.1  13.3  15.6  17.5  15.6  13.8   9.0   3.8  -1.3   505   505   505   505   505   505   505   505   505   505   505   505 
1904  -1.9   0.3   1.9   8.5  11.6  15.3  18.1  16.2  12.7   7.9   3.1   1.9   505   505   505   505   505   505   505   505   505   505   505   505 
1905  -2.1   1.2   3.7   5.3  13.3  17.6  17.9  16.6  12.7   4.8   3.4   1.1   505   505   505   505   505   505   505   505   505   505   505   505 
1906   0.2   0.7   2.4   9.0  14.5  15.4  17.6  16.2  12.7   8.4   6.5  -3.8   505   505   505   505   505   505   505   505   505   505   505   505 
1907  -1.7  -2.4   2.3   5.9  13.4  15.2  15.2  15.1  12.3  12.3   1.4  -0.4   505   505   505   505   505   505   505   505   505   505   505   505 
1908  -1.2   1.1   2.5   5.6  13.5  17.0  18.1  15.0  12.0   7.5   0.5  -2.8   505   505   505   505   505   505   505   505   505   505   505   505 
1909  -1.9  -3.2   1.1   6.7  10.4  15.5  16.1  16.7  13.5  10.3   1.8   1.3   505   505   505   505   505   505   505   505   505   505   505   505 
1910   1.4   2.8   3.6   7.6  13.4  18.2  16.5  15.7  12.6   7.5   1.5   1.4   505   505   505   505   505   505   505   505   505   505   505   505 
1911  -0.3   0.4   3.6   7.8  13.8  15.7  18.8  19.6  14.2   8.0   4.1   1.3   505   505   505   505   505   505   505   505   505   505   505   505 
1912  -5.0  -0.2   5.4   6.6  11.0  16.3  19.1  15.0   9.2   6.2   2.0   2.9   505   505   505   505   505   505   505   505   505   505   505   505 
1913  -1.8   0.8   5.5   8.0  12.4  15.4  16.0  15.8  12.8   8.2   6.0   2.7   505   505   505   505   505   505   505   505   505   505   505   505 
1914  -3.1   2.8   4.4   9.5  11.8  16.4  19.5  17.5  12.5   7.6   2.8   3.0   505   505   505   505   505   505   505   505   505   505   505   505 
1915  -0.4   0.4   0.0   7.5  12.9  17.7  16.8  15.4  11.4   6.0   2.0   1.2   505   505   505   505   505   505   505   505   505   505   505   505 
1916   2.9  -0.1   4.0   8.7  13.3  13.6  17.1  15.7  11.9   7.7   4.3   2.2   505   505   505   505   505   505   505   505   505   505   505   505 
1917  -3.9  -5.4  -1.6   4.6  14.7  20.6  18.3  17.7  14.8   8.3   5.1  -1.5   505   505   505   505   505   505   505   505   505   505   505   505 
1918  -0.8   0.8   3.3  11.5  14.7  14.2  17.6  16.7  13.2   9.0   2.0   1.7   505   505   505   505   505   505   505   505   505   505   505   505 
1919  -0.2  -1.2   2.1   6.3  10.8  15.2  15.8  15.2  14.7   6.4  -1.5  -0.8   505   505   505   505   505   505   505   505   505   505   505   505 
1920   0.7   2.1   6.1  10.7  14.0  14.4  18.4  15.6  12.9   5.3   0.4  -1.7   505   505   505   505   505   505   505   505   505   505   505   505 
1921   3.7   0.7   6.4   8.4  14.5  15.0  18.7  18.1  12.6   9.2  -0.6  -0.7   505   505   505   505   505   505   505   505   505   505   505   505 
1922  -5.3  -2.9   2.8   6.0  13.7  15.9  16.7  15.6  11.6   4.6   2.1   1.6   505   505   505   505   505   505   505   505   505   505   505   505 
1923   1.2  -1.0   4.4   6.8  12.2  11.7  18.3  15.6  13.5  10.3   3.1  -2.8   505   505   505   505   505   505   505   505   505   505   505   505 
1924  -4.6  -3.8   1.7   5.7  14.3  16.0  17.0  16.4  14.6   9.8   2.5   0.5   505   505   505   505   505   505   505   505   505   505   505   505 
1925   2.3   3.8   1.3   8.2  15.4  14.8  19.1  17.3  11.6   7.8   1.8  -1.0   505   505   505   505   505   505   505   505   505   505   505   505 
1926  -1.2   2.2   3.4  10.9  12.4  15.2  19.0  16.6  14.4   7.5   6.2   1.0   505   505   505   505   505   505   505   505   505   505   505   505 
1927   1.4  -0.1   6.5   7.0  10.5  14.5  18.7  17.5  14.3   8.5   1.5  -4.4   505   505   505   505   505   505   505   505   505   505   505   505 
1928   0.2   1.8   2.4   7.9  11.0  14.1  18.6  16.3  13.5   8.8   6.6  -1.7   505   505   505   505   505   505   505   505   505   505   505   505 
1929  -5.7 -12.6   1.4   3.8  14.2  14.5  18.5  18.6  15.5  10.2   4.6   2.8   505   505   505   505   505   505   505   505   505   505   505   505 
1930   1.2   0.2   3.4   9.4  12.8  19.3  17.8  16.6  13.4   9.2   5.1  -0.1   505   505   505   505   505   505   505   505   505   505   505   505 
1931  -0.8  -2.4  -0.6   5.4  16.8  15.9  18.6  16.2  11.2   7.1   3.1   0.6   505   505   505   505   505   505   505   505   505   505   505   505 
1932   0.5  -2.2   0.1   8.2  14.1  14.8  19.7  19.7  15.4   9.0   3.7   0.4   505   505   505   505   505   505   505   505   505   505   505   505 
1933  -4.8  -1.0   4.6   6.0  12.3  15.3  19.0  17.2  14.0   9.0   1.9  -4.6   505   505   505   505   505   505   505   505   505   505   505   505 
1934   0.4   1.8   4.8  10.9  14.6  17.6  19.0  17.5  15.8  10.1   4.5   2.9   505   505   505   505   505   505   505   505   505   505   505   505 
1935  -1.7   1.5   1.8   7.9  10.9  18.6  18.0  17.5  14.4   9.0   4.3   0.1   505   505   505   505   505   505   505   505   505   505   505   505 
1936   2.3  -1.4   4.5   6.8  13.8  17.3  18.8  16.5  13.3   6.0   3.2   1.4   505   505   505   505   505   505   505   505   505   505   505   505 
1937  -4.4   1.1   2.5   8.0  17.0  18.6  19.5  18.0  14.6   9.8   3.0  -1.8   505   505   505   505   505   505   505   505   505   505   505   505 
1938   0.6   1.2   7.2   5.3  11.5  16.2  18.1  19.6  14.4   9.4   7.2  -2.6   505   505   505   505   505   505   505   505   505   505   505   505 
1939   2.3   2.6   1.6   8.9  11.0  17.0  18.6  19.8  13.8   6.1   4.5  -2.4   505   505   505   505   505   505   505   505   505   505   505   505 
1940 -10.9  -9.6   0.8   7.9  12.3  18.6  17.9  15.0  12.2   7.2   5.4  -3.3   505   505   505   505   505   505   505   505   505   505   505   505 
1941  -7.6  -1.5   0.2   5.6  10.0  17.1  19.6  15.9  11.9   7.4   0.0   1.5   505   505   505   505   505   505   505   505   505   505   505   505 
1942  -8.3  -6.1  -1.8   7.1  12.7  14.8  16.7  19.4  15.7  10.5   2.8   2.2   505   505   505   505   505   505   505   505   505   505   505   505 
1943  -2.0   3.2   5.4  10.0  13.4  15.8  18.2  19.2  14.4   9.7   2.5  -0.4   505   505   505   505   505   505   505   505   505   505   505   505 
1944   3.2  -0.2   1.0   8.3  12.1  15.5  19.1  19.7  13.3   8.4   3.8  -1.8   505   505   505   505   505   505   505   505   505   505   505   505 
1945 -99.0 -99.0 -99.0 -99.0 -99.0 -99.0 -99.0 -99.0 -99.0 -99.0 -99.0 -99.0   -99   -99   -99   -99   -99   -99   -99   -99   -99   -99   -99   -99 
1946 -99.0 -99.0 -99.0 -99.0 -99.0 -99.0 -99.0 -99.0 -99.0 -99.0 -99.0 -99.0   -99   -99   -99   -99   -99   -99   -99   -99   -99   -99   -99   -99 
1947 -99.0 -99.0 -99.0 -99.0 -99.0 -99.0 -99.0 -99.0 -99.0 -99.0 -99.0 -99.0   -99   -99   -99   -99   -99   -99   -99   -99   -99   -99   -99   -99 
1948 -99.0 -99.0 -99.0 -99.0 -99.0 -99.0 -99.0 -99.0 -99.0 -99.0 -99.0 -99.0   -99   -99   -99   -99   -99   -99   -99   -99   -99   -99   -99   -99 
1949 -99.0 -99.0 -99.0 -99.0 -99.0 -99.0 -99.0 -99.0 -99.0 -99.0 -99.0 -99.0   -99   -99   -99   -99   -99   -99   -99   -99   -99   -99   -99   -99 
1950 -99.0 -99.0 -99.0 -99.0 -99.0 -99.0 -99.0 -99.0 -99.0 -99.0 -99.0 -99.0   -99   -99   -99   -99   -99   -99   -99   -99   -99   -99   -99   -99 
1951 -99.0 -99.0 -99.0 -99.0 -99.0 -99.0 -99.0 -99.0 -99.0 -99.0 -99.0 -99.0   -99   -99   -99   -99   -99   -99   -99   -99   -99   -99   -99   -99 
1952 -99.0 -99.0 -99.0 -99.0 -99.0 -99.0 -99.0 -99.0 -99.0 -99.0 -99.0 -99.0   -99   -99   -99   -99   -99   -99   -99   -99   -99   -99   -99   -99 
1953 -99.0 -99.0 -99.0 -99.0 -99.0 -99.0 -99.0 -99.0 -99.0 -99.0 -99.0 -99.0   -99   -99   -99   -99   -99   -99   -99   -99   -99   -99   -99   -99 
1954 -99.0 -99.0 -99.0 -99.0 -99.0 -99.0 -99.0 -99.0 -99.0 -99.0 -99.0 -99.0   -99   -99   -99   -99   -99   -99   -99   -99   -99   -99   -99   -99 
1955 -99.0 -99.0 -99.0 -99.0 -99.0 -99.0 -99.0 -99.0 -99.0 -99.0 -99.0 -99.0   -99   -99   -99   -99   -99   -99   -99   -99   -99   -99   -99   -99 
1956 -99.0 -99.0 -99.0 -99.0 -99.0 -99.0 -99.0 -99.0 -99.0 -99.0 -99.0 -99.0   -99   -99   -99   -99   -99   -99   -99   -99   -99   -99   -99   -99 
1957 -99.0 -99.0 -99.0 -99.0 -99.0 -99.0 -99.0 -99.0 -99.0 -99.0 -99.0 -99.0   -99   -99   -99   -99   -99   -99   -99   -99   -99   -99   -99   -99 
1958 -99.0 -99.0 -99.0 -99.0 -99.0 -99.0 -99.0 -99.0 -99.0 -99.0 -99.0 -99.0   -99   -99   -99   -99   -99   -99   -99   -99   -99   -99   -99   -99 
1959 -99.0 -99.0 -99.0 -99.0 -99.0 -99.0 -99.0 -99.0 -99.0 -99.0 -99.0 -99.0   -99   -99   -99   -99   -99   -99   -99   -99   -99   -99   -99   -99 
1960 -99.0 -99.0 -99.0 -99.0 -99.0 -99.0 -99.0 -99.0 -99.0 -99.0 -99.0 -99.0   -99   -99   -99   -99   -99   -99   -99   -99   -99   -99   -99   -99 
1961 -99.0 -99.0 -99.0 -99.0 -99.0 -99.0 -99.0 -99.0 -99.0 -99.0 -99.0 -99.0   -99   -99   -99   -99   -99   -99   -99   -99   -99   -99   -99   -99 
1962 -99.0 -99.0 -99.0 -99.0 -99.0 -99.0 -99.0 -99.0 -99.0 -99.0 -99.0 -99.0   -99   -99   -99   -99   -99   -99   -99   -99   -99   -99   -99   -99 
1963 -99.0 -99.0 -99.0 -99.0 -99.0 -99.0 -99.0 -99.0 -99.0 -99.0 -99.0 -99.0   -99   -99   -99   -99   -99   -99   -99   -99   -99   -99   -99   -99 
1964 -99.0 -99.0 -99.0 -99.0 -99.0 -99.0 -99.0 -99.0 -99.0 -99.0 -99.0 -99.0   -99   -99   -99   -99   -99   -99   -99   -99   -99   -99   -99   -99 
1965 -99.0 -99.0 -99.0 -99.0 -99.0 -99.0 -99.0 -99.0 -99.0 -99.0 -99.0 -99.0   -99   -99   -99   -99   -99   -99   -99   -99   -99   -99   -99   -99 
1966  -3.9  -0.1   3.3   7.7  13.5  17.9  17.3  16.9  12.9  11.0   2.5   1.2   505   505   505   505   505   505   505   505   505   505   505   505 
1967  -1.1   2.1   5.7   7.0  13.6  15.6  19.3  17.0  15.2  11.3   3.9   0.2   505   505   505   505   505   505   505   505   505   505   505   505 
1968  -1.7   0.0   4.6   9.8  11.0  17.6  16.6  17.8  14.1   9.3   3.9  -2.8   505   505   505   505   505   505   505   505   505   505   505   505 
1969  -3.7  -3.5  -0.9   7.0  13.5  16.2  19.2  17.3  14.5   9.5   5.3  -7.2   505   505   505   505   505   505   505   505   505   505   505   505 
1970  -6.1  -3.6   0.1   5.6  12.1  17.8  17.2  18.2  12.9   8.5   4.7   1.3   505   505   505   505   505   505   505   505   505   505   505   505 
1971  -2.2   1.4   1.0   7.9  15.0  15.0  18.5  19.7  11.8   9.1   3.2   3.9   505   505   505   505   505   505   505   505   505   505   505   505 
1972  -4.8   0.6   4.8   7.6  12.0  16.1  19.9  16.6  11.3   6.7   4.5   0.2   505   505   505   505   505   505   505   505   505   505   505   505 
1973  -1.0   1.9   5.0   5.7  12.8  16.4  18.4  18.1  14.0   7.1   2.7  -0.4   505   505   505   505   505   505   505   505   505   505   505   505 
1974   1.7   3.0   5.0   8.1  11.4  14.8  15.7  18.0  13.8   6.5   4.5   3.9   505   505   505   505   505   505   505   505   505   505   505   505 
1975   4.0   0.2   3.4   6.9  13.1  16.1  19.6  19.5  16.4   7.6   2.1   1.6   505   505   505   505   505   505   505   505   505   505   505   505 
1976  -0.7  -2.2  -0.2   6.7  12.6  16.5  19.3  16.4  13.0   7.6   4.8  -1.1   505   505   505   505   505   505   505   505   505   505   505   505 
1977  -1.0   1.1   5.2   5.5  12.3  17.3  16.4  16.5  11.9   9.4   5.3   1.5   505   505   505   505   505   505   505   505   505   505   505   505 
1978   0.0  -1.6   4.1   6.7  12.5  15.8  16.4  16.2  11.7   9.5   5.2  -2.1   505   505   505   505   505   505   505   505   505   505   505   505 
1979  -5.0  -4.3   2.5   7.0  14.0  18.6  14.9  17.2  13.8   7.1   3.2   2.8   505   505   505   505   505   505   505   505   505   505   505   505 
1980  -5.8  -0.4   1.0   6.3  10.4  15.3  16.3  16.5  13.7   8.5   2.9   0.6   505   505   505   505   505   505   505   505   505   505   505   505 
1981  -1.6   0.0   5.7   7.3  14.3  16.5  17.3  16.7  14.4   8.2   4.4  -3.9   505   505   505   505   505   505   505   505   505   505   505   505 
1982  -3.7  -1.1   4.9   6.6  13.3  16.6  19.6  19.3  16.2   9.9   5.4   1.7   505   505   505   505   505   505   505   505   505   505   505   505 
1983   4.2  -1.9   5.1   9.1  13.6  16.7  20.4  19.1  14.2   9.1   3.4  -0.4   505   505   505   505   505   505   505   505   505   505   505   505 
1984   0.7  -0.5   1.8   8.0  13.0  14.4  16.1  18.0  12.6  10.6   2.9  -0.6   505   505   505   505   505   505   505   505   505   505   505   505 
1985  -7.2  -5.0   2.9   7.8  15.0  14.2  17.9  17.6  13.0   9.1   0.9   2.9   505   505   505   505   505   505   505   505   505   505   505   505 
1986  -0.5  -8.1   2.5   6.7  14.9  15.8  18.3  17.2  11.5   9.0   5.9   1.2   505   505   505   505   505   505   505   505   505   505   505   505 
1987  -8.4  -1.4  -1.1   8.2  10.8  15.1  17.3  15.5  13.5   9.0   5.0   1.5   505   505   505   505   505   505   505   505   505   505   505   505 
1988   2.3   2.1   2.1   8.0  15.1  16.1  18.5  17.6  13.9   9.1   1.7   2.7   505   505   505   505   505   505   505   505   505   505   505   505 
1989   2.4   3.7   6.2   8.6  14.3  16.3  18.7  18.1  15.7  10.7   2.3   1.4   505   505   505   505   505   505   505   505   505   505   505   505 
1990   2.8   5.5   7.3   8.5  14.6  16.4  17.1  18.5  11.9   9.9   4.4   0.2   505   505   505   505   505   505   505   505   505   505   505   505 
1991   1.5  -3.1   5.4   8.0   9.8  14.5  19.9  18.4  15.2   8.7   3.8   0.6   505   505   505   505   505   505   505   505   505   505   505   505 
1992   0.4   2.9   4.5   8.5  14.4  19.6  20.4  20.4  13.8   5.7   4.1   0.0   505   505   505   505   505   505   505   505   505   505   505   505 
1993   1.2   0.0   3.2  10.2  16.5  15.6  16.5  16.2  12.2   8.0  -0.5   2.2   505   505   505   505   505   505   505   505   505   505   505   505 
1994   2.5  -2.2   5.1   9.5  12.5  15.8  22.3  18.6  13.9   7.3   5.5   2.7   505   505   505   505   505   505   505   505   505   505   505   505 
1995   0.0   4.0   3.3   8.2  12.7  15.6  20.8  19.4  13.3  11.3   1.6  -4.2   505   505   505   505   505   505   505   505   505   505   505   505 
1996  -4.9  -3.7  -0.2   9.1  12.1  16.3  15.8  18.3  10.9   9.9   4.7  -3.7   505   505   505   505   505   505   505   505   505   505   505   505 
1997  -3.4   3.3   4.6   5.9  12.9  17.0  18.1  20.9  14.2   7.5   2.7   1.3   505   505   505   505   505   505   505   505   505   505   505   505 
1998   2.0   4.7   3.9  10.1  15.1  17.4  17.5  16.7  13.8   8.2   0.4  -0.2   505   505   505   505   505   505   505   505   505   505   505   505 
1999   1.6   0.4   5.2   9.8  13.6  16.3  20.1  18.2  17.2   9.0   3.0   2.0   505   505   505   505   505   505   505   505   505   505   505   505 
2000   0.3   3.6   4.6  11.7  15.8  17.5  16.1  17.9  13.1  11.8   6.2   2.3   505   505   505   505   505   505   505   505   505   505   505   505 
2001   0.1   1.1   2.6   8.0  14.5  14.9  19.8  19.1  12.1  12.2   3.5  -0.8   505   505   505   505   505   505   505   505   505   505   505   505 
2002   1.2   4.4   4.9   8.9  15.7  17.6  19.7  21.0  14.3   7.5   3.5  -3.1   505   505   505   505   505   505   505   505   505   505   505   505 
2003  -1.4  -2.4   3.6   8.4  15.5  19.1  19.6  19.7  14.8   5.9   5.4   2.1   505   505   505   505   505   505   505   505   505   505   505   505 
2004  -3.3   1.9   4.7   9.5  12.8  15.6  17.6  19.5  14.2   9.9   4.1   1.8   505   505   505   505   505   505   505   505   505   505   505   505 
