1825    3  -16   -6   83  142  173  177  181  160   86   68   38                                    
1826  -71  -16   23   70  119  168  206  198  139   95   23   -3                                    
1827  -24  -82   36   98  157  195  189  159  141  101    2    9                                    
1828  -65  -40   31   96  128  167  194  170  132   77   28   -2                                    
1829  -82  -64    0   88  118  148  186  179  160   65  -21 -137                                    
1830 -114  -58    6   94  136  185  185  194  139   77   46   11                                    
1831  -74  -12   16  109  137  155  192  180  130  107   21  -22                                    
1832  -38  -15    6   65  116  152  151  182  117   88   12  -42                                    
1833  -72   24   29   61  165  193  176  151  141   74   26   28                                    
1834   10   -5    8   62  172  185  226  211  160   84   24   -2                                    
1835  -18   20   22   61  143  166  184  168  139   83  -16  -41                                    
1836  -47    5   73   91  102  163  162  160  136  109    7    5                                    
1837  -35  -46   -7   75  122  158  161  184  126   84   34  -40                                    
1838 -114  -61   21   66  140  162  168  154  151   60    7  -42                                    
1839  -36  -10  -13   42  138  184  192  170  162   88   46  -32                                    
1840  -41  -27  -28   63  114  162  182  157  154   57   48 -105                                    
1841  -36  -74   27   99  162  175  186  184  141  115   37   17                                    
1842  -72  -47   24   52  135  162  170  190  139   60    0   11                                    
1843   -6   50    7   79  110  159  176  173  113   85   18   30                                    
1844  -38  -36   -1   70  138  165  153  160  139   98   41  -62                                    
1845   -7  -77  -52   81  124  178  193  166  130   93   46    5                                    
1846  -19    0   59   98  127  170  201  205  142  120   -5  -33                                    
1847  -68  -29    6   70  152  150  179  192  121   69   18  -26                                    
1848 -124   12   45  117  131  200  187  176  132  115   32   -3                                    
1849  -53    8    8   73  146  176  170  164  125   84   26  -68                                    
1850  -93   16   -7   85  146  188  189  195  122   84   37   -2                                    
1851  -41  -16   31  107  115  160  178  176  128  116   26  -12                                    
1852    8   -6   -5   43  136  185  194  148  144   80   44   24                                    
1853   -2  -21  -15   44  138  184  197  182  137  100   10  -61                                    
1854  -20  -24   13   71  152  160  191  174  123   91    4   12                                    
1855  -46  -81   17   62  133  192  192  186  124  119   15 -106                                    
1856  -23   -3   -8  101  136  180  172  177  134   92   -8  -15                                    
1857  -38  -57    6   90  129  166  186  183  139  118    6    8                                    
1858  -61  -94   -8   60  133  175  181  176  144   98  -32  -27                                    
1859  -16   16   50   86  138  167  203  197  125  100   26  -47                                    
1860   -4  -19    3   85  142  180  171  174  141   69   13  -30                                    
1861  -69   29   47   55  104  187  192  185  141   82   43  -30                                    
1862  -62  -43   42   96  150  170  186  170  142   98    2  -52                                    
1863   13    9   49   66  144  169  172  186  159  109   39   -3                                    
1864  -71  -14   50   50   90  177  160  156  140   73   14   -8                                    
1865  -24  -74  -12   80  163  142  206  171  131   87   35  -12                                    
1866    7   10   27  104  111  200  176  166  171   53   28   10                                    
1867  -17   17    4   84  128  164  177  178  135   88    0  -42                                    
1868  -41   12   24   82  156  188  190  191  155   91   15   17                                    
1869  -43   31   12   97  157  146  193  172  147   69   27    3                                    
1870  -32 -109   -9   69  139  158  193  165  118   76   43  -66                                    
1871 -100  -50   32   62   96  153  194  180  131   46   16  -75                                    
1872  -39  -34   34  104  172  162  179  161  149  113   60   15                                    
1873    4  -17   52   65  104  168  198  189  128  104   39   -3                                    
1874  -19  -20   10   94   93  168  204  168  159   95   -4  -16                                    
1875  -26  -84  -25   61  134  206  191  187  124   64    9  -55                                    
1876  -76  -13   46  107   96  181  185  179  134   94  -22  -12                                    
1877   -1    0   17   60  109  184  183  192  109   66   45  -21                                    
1878  -36    8   17   95  137  174  169  184  156  104   43  -32                                    
1879  -38    2    2   81  126  186  167  182  153   72   -8  -94                                    
1880  -41  -32   14  104  122  172  205  168  143   85   39   16                                    
1881  -70  -26   12   50  132  164  192  179  121   53   24   -6                                    
1882    2    6   73   90  132  150  197  160  157   80   34   -4                                    
1883  -36   -7  -16   58  130  174  192  170  141   90   37  -10                                    
1884    6   18   32   59  137  152  190  160  142   77    7   15                                    
1885  -52    3   31  104  124  181  188  157  142   92   20  -25                                    
1886  -32  -56  -26  100  140  164  175  179  150   88   45   11                                    
1887  -38  -39   11   77  130  150  197  166  149   65   43  -21                                    
1888  -68  -43   23   73  139  165  172  170  138   82   13   -5                                    
1889  -59  -27  -10   86  173  198  186  173  111  104   30  -48                                    
1890    1  -50   47   98  152  150  180  206  136   74   35  -82                                    
1891  -54  -34   38   59  160  160  187  173  143  107   20    2                                    
1892  -27   -9   11   80  138  177  172  200  168   88    9  -40                                    
1893 -114    4   32   63  132  167  184  173  132  108   17   -1                                    
1894  -48   -5   46  104  143  150  198  175  114   92   35  -13                                    
1895  -34  -68    6   90  140  172  198  179  150   84   37  -18                                    
1896  -55  -14   48   63  129  181  195  168  141  116    6  -24                                    
1897  -38   -5   51   82  135  176  185  188  142   73   10  -21                                    
1898    3    6   39   90  148  167  166  185  135   84   54   22                                    
1899   12    5   27   90  140  152  181  163  143   81   47  -41                                    
1900  -13   18    0   72  127  178  200  180  144   92   49   10                                    
1901  -53  -41    6   87  145  178  195  178  130  102   27   17                                    
1902   24  -17   25   67  106  162  172  167  131   69   -4  -52                                    
1903  -38   25   63   68  142  158  176  172  145   95   43  -11                                    
1904  -30   12   20   82  124  167  197  180  125   82   17   -1                                    
1905  -54   -5   34   61  141  186  195  183  142   49   42   -1                                    
1906   -9  -14   26   95  148  160  189  167  124   80   62  -39                                    
1907  -38  -46    2   57  158  161  169  170  130  130    9  -10                                    
1908  -25    4   23   64  153  177  179  156  119   70  -11  -31                                    
1909  -28  -55   24   75  116  166  172  161  147  111   21   10                                    
1910    2   24   30   86  142  183  169  170  125   76   25   21                                    
1911  -13  -27   42   81  142  163  194  190  145   88   53    9                                    
1912  -65    4   60   59  122  182  188  165   93   57   14   24                                    
1913  -32   -5   61   84  128  161  162  159  139   91   56   19                                    
1914  -49   14   47   97  138  163  193  176  125   75   18   24                                    
1915    0    9    0   88  145  183  182  165  120   75    9   28                                    
1916   23    4   59   87  133  160  181  174  129   82   55   23                                    
1917  -36  -56   -6   60  140  192  186  190  152   98   54  -24                                    
1918   10    5   32  129  136  150  182  174  154   98   18    7                                    
1919    0   -4   33   74   95  159  166  167  158   73    0   -7                                    
1920    0   13   62  129  152  151  198  173  139   44   -2  -18                                    
1921   35  -20   58   78  154  160  198  187  134   95   -4  -15                                    
1922  -62  -39   43   75  139  172  184  172  117   53   14    8                                    
1923    3  -15   39   68  151  133  190  168  141  112   40  -17                                    
1924  -58  -56    7   66  155  172  180  171  159   90   15   -8                                    
1925   13   44   22   91  156  148  184  173  127   87   33   -8                                    
1926  -12   27   28  105  134  161  189  161  148   85   94   -9                                    
1927  -12  -18   69   81  117  174  195  188  154   90   26  -54                                    
1928   -1   -5   15   85  115  156  210  178  143   93   65  -25                                    
1929  -74 -132   -3   42  148  160  186  188  138  116   50   20                                    
1930    6  -24   40   98  135  192  186  172  143   92   58  -17                                    
1931  -11  -23   -2   60  174  180  197  173  110   75   18   -4                                    
1932   -6  -55  -10   83  153  160  213  194  171  103   34   -2                                    
1933  -68   -4   35   55  125  155  190  176  131   89   24  -56                                    
1934  -13    5   64  118  154  170  183  182  155  103   57   22                                    
1935  -50    4   19   68  117  190  180  181  146  108   36   -1                                    
1936   21  -18   61   83  159  173  205  164  128   57   35    0                                    
1937  -66    2   51   90  174  186  193  183  153   94   27   -8                                    
1938   -8    2   71   58  125  185  192  187  138  102   63  -35                                    
1939    7   30   12  112  123  183  200  195  146   71   47  -21                                    
1940 -110  -92    3   82  123  176  185  157  140   74   59  -47                                    
1941  -80   -2   28   62  111  169  185  172  148   73   -7    2                                    
1942 -112  -51  -12   68  137  165  182  194  173  106   25   16                                    
1943  -50   22   46   99  126  157  178  201  156   95   30  -12                                    
1944   20  -16    8   83  128  166  188  203  142  104   43  -18                                    
1945  -48   17   45   90  144  175  190  183  140   89   37   -1                                    
1946  -42    9   35  109  163  187  204  191  150   52   25  -42                                    
1947   -8  -86   29  104  157  188  205  175  166   59   50   12                                    
1948   21  -22   39  109  150  168  179  185  154   91   36  -13                                    
1949    6    6    4  104  154  154  184  178  153  100   49   28                                    
1950  -56   18   55  100  161  186  200  194  146   77   48    4                                    
1951   -6   13   25   96  131  178  191  203  162   67   73   21                                    
1952    2   -7  -24  111  125  166  199  203  125   83   24   -8                                    
1953  -14   -8   34   98  136  186  208  176  143  100   33   -3                                    
1954  -73  -77   40   56  139  189  179  190  159   92   33   32                                    
1955  -26  -18    5   59  125  164  192  184  150   94   39   19                                    
1956   -2 -112    8   75  136  169  185  171  140   89   -8    2                                    
1957   -7   33   44   91  113  193  198  173  130   94   43   -5                                    
1958  -21   22  -13   58  170  161  198  184  139  103   45   21                                    
1959   -6  -19   60   94  139  166  208  191  125   83   29   10                                    
1960  -22  -18   35   71  134  174  171  179  130  106   61   31                                    
1961  -24   26   68  122  127  187  175  180  155  116   45  -34                                    
1962    5  -13   -3  112  119  153  170  187  131   85   46  -35                                    
1963 -100  -72    5   96  150  180  205  193  159   91   79  -42                                    
1964  -46  -25  -11   90  140  202  194  170  138   90   48   -4                                    
1965   -3  -47   25   74  118  173  177  166  154   83    8   18                                    
1966  -44   29   36  108  143  176  185  178  141  133   37   10                                    
1967  -24   18   60   88  150  172  207  184  169  120   46   -6                                    
1968  -25   13   46  105  134  189  177  176  145   93   55  -34                                    
1969  -46  -15   -2   82  166  167  191  174  150   91   62  -82                                    
1970  -38  -25   22   87  130  178  184  180  128   86   61   10                                    
1971  -30   13   13   97  164  164  190  202  124   91   34   34                                    
1972  -54    7   58   92  147  183  203  178  127   69   54   -2                                    
1973  -13   20   46   87  146  169  188  191  148   81   26    3                                    
1974    7   30   60   91  130  153  172  196  146   68   45   32                                    
1975   35   -2   57   87  153  170  199  193  173   90   22   10                                    
1976   -8  -26    8   91  141  173  200  162  140   92   54   -1                                    
1977   -8   22   73   81  145  187  182  176  126  106   60   -7                                    
1978    1  -15   55   75  131  169  172  170  129   99   45  -17                                    
1979  -38  -26   50   81  155  197  171  180  152   76   41   39                                    
1980  -57    9   18   72  113  166  177  177  138   96   28    5                                    
1981  -23    0   68   79  153  187  192  183  152  101   40  -19                                    
1982  -38  -12   51   70  156  180  202  205  174  101   54   21                                    
1983   17  -13   56  122  170  184  211  195  158  102   30    7                                    
1984    9   -6   24   97  147  160  170  191  147  117   34   -7                                    
1985  -72  -64   37  101  160  152  191  188  144   91   14   33                                    
1986   -7  -74   26  106  155  167  176  177  121   92   50    0                                    
1987  -97  -10  -18   84  122  172  197  159  147   93   51    7                                    
1988  -16   10   11   72  144  159  192  176  137   78   -5    8                                    
1989    5   34   57   96  134  148  179  176  142  101   19    8                                    
1990    6   42   66   80  138  163  169  174  114   88   52   -6                                    
1991   -4  -45   50   72  106  158  195  179  142   78   41  -22                                    
1992  -12   10   36   83  132  186  198  220  129  129   39  -18                                    
1993    0  -14   15   15  159  158  170  173  130   92  -12   20                                    
1994   27  -14   51   91  132  166  208  185  153   69   39    8                                    
1995  -13   34   32   81  127  167  204  177  127  100   -6  -44                                    
1996  -59  -55  -17   78  148  173  166  177  104   93   59  -59                                    
1997  -62   17   32   52  146  172  174  184  134   68   36    5                                    
1998    2   36   26  107  144  183  183  176  138   83   -1  -24                                    
1999   -3   -8   50  105  137  171  203  174  163   87   18   -1                                    
2000  -18   25   40  122  154  175  169  191  125  124   69   14                                    
2001   -9    3   35   82  151  153  199  196  122  118   22  -42                                    
2002  -10   39   54   90  171  179  204  201  129   77   54  -53                                    
2003  -24  -47   28   79  165  191  194  199  142   59   48    0                                    
2004  -42    6   35   95  127  167  183  188  137  104   44    8                                    
2005    0  -32   13   97  143  169  197  175  143   87   19   -9                                    
2006  -83  -32    1   92  132  173  216  170  154  102   52   24                                    
2007   32   12   59   94  153  184  194  190  123   77    8  -11                                    
2008   11   22   38   90  136  185  187  184  126   96   47   10                                    
2009  -34  -12   26  114  135  160  198  186  151   77   48  -10                                    
2010  -65  -24   31   87  126  173  204  183  120   53   60  -52                                    
2011  -12  -25   37  103 -999 -999 -999 -999 -999 -999 -999 -999  
