1836  -12    8   68   85   99  170  168  155  135  107   23   16                                    
1837   -5   -5    5   61  104  163  167  187  134   94   43   -7                                    
1838 -101  -63   30   58  125  167  177  152  161   77   15    2                                    
1839  -12    3    2   44  134  177  195  166  156   98   44  -26                                    
1840  -17    2    4   90  110  156  169  170  147   68   58  -56                                    
1841  -25  -59   40   93  162  160  167  176  150  108   46   34                                    
1842  -41   -2   37   59  140  159  170  211  146   76    3   31                                    
1843    7   22   15   81  100  152  174  190  135   82   51   43                                    
1844  -16  -24    3   83  137  154  151  157  143   94   43  -45                                    
1845   -5  -61  -45   82  110  171  194  165  128   90   54   15                                    
1846   -5   20   64   84  116  176  194  211  149  115   34  -31                                    
1847  -39  -11   29   51  142  161  188  197  123   79   46   -9                                    
1848  -97   21   53  102  135  180  176  162  133  103   37   21                                    
1849  -24   29   24   64  140  155  163  160  132   81   33  -28                                    
1850  -72   30    7   75  132  173  180  178  124   76   46   15                                    
1851    2   11   29   95   98  150  171  175  134  113   24   21                                    
1852   26    9   14   43  141  175  202  185  142   80   47   46                                    
1853   20  -24  -29   47 -999  178  191  169  140   93   25  -28                                    
1854  -14    2   35   75  137  157  194  178  136   91   17   18                                    
1855  -25  -77    3   56  108  170  185  177  134  112   25  -50                                    
1856   -6    1   11   90  111  164  163  161  133  105   13   17                                    
1857  -21    1   26   73  117  170  184  202  159  116   29   38                                    
1858  -16  -51   11   73  115  193  186  188  158   98   -3   -4                                    
1859   15   31   59   65  136  175  201  200  139   97   33  -19                                    
1860   13  -12   16   74  136  170  175  167  141   78   22  -24                                    
1861  -60   25   54   57  103  187  194  180  132   94   43   17                                    
1862  -31  -15   30   86  153  160  164  174  141  103   17   -8                                    
1863   23   33   41   81  123  165  157  186  136  119   44   30                                    
1864  -46   -6   36   58   90  168  168  146  137   82   16  -26                                    
1865  -10  -58   -2   88  169  140  211  168  151   84   55   21                                    
1866   35   32   16   92  102  192  168  164  163   73   40   14                                    
1867  -10   37    1   73   99  159  164  178  141   89   31  -18                                    
1868  -19   37   42   71  157  178  194  202  151   86   22   30                                    
1869 -999 -999 -999 -999 -999 -999 -999 -999 -999 -999 -999 -999                                    
1870 -999 -999 -999 -999 -999 -999 -999 -999 -999 -999 -999 -999                                    
1871 -999 -999 -999 -999 -999 -999 -999 -999 -999 -999 -999 -999                                    
1872 -999 -999 -999 -999 -999 -999 -999 -999 -999 -999 -999 -999                                    
1873 -999 -999 -999 -999 -999 -999 -999 -999 -999 -999 -999 -999                                    
1874 -999 -999 -999 -999 -999 -999 -999 -999 -999 -999 -999 -999                                    
1875 -999 -999 -999 -999 -999 -999 -999 -999 -999 -999 -999 -999                                    
1876 -999 -999 -999 -999 -999 -999 -999 -999 -999 -999 -999 -999                                    
1877 -999 -999 -999 -999 -999 -999 -999 -999 -999 -999 -999 -999                                    
1878 -999 -999 -999 -999 -999 -999 -999 -999 -999 -999 -999 -999                                    
1879 -999 -999 -999 -999 -999 -999 -999 -999 -999 -999 -999 -999                                    
1880 -999 -999 -999 -999 -999 -999 -999 -999 -999 -999 -999 -999                                    
1881 -999 -999 -999 -999 -999 -999 -999 -999 -999 -999 -999 -999                                    
1882 -999 -999 -999 -999 -999 -999 -999 -999 -999 -999 -999 -999                                    
1883 -999 -999 -999 -999 -999 -999 -999 -999 -999 -999 -999 -999                                    
1884 -999 -999 -999 -999 -999 -999 -999 -999 -999 -999 -999 -999                                    
1885 -999 -999 -999 -999 -999 -999 -999 -999 -999 -999 -999 -999                                    
1886 -999 -999 -999 -999 -999 -999 -999 -999 -999 -999 -999 -999                                    
1887 -999 -999 -999 -999 -999 -999 -999 -999 -999 -999 -999 -999                                    
1888 -999 -999 -999 -999 -999 -999 -999 -999 -999 -999 -999 -999                                    
1889 -999 -999 -999 -999 -999 -999 -999 -999 -999 -999 -999 -999                                    
1890 -999 -999 -999 -999 -999 -999 -999 -999 -999 -999 -999 -999                                    
1891 -999 -999 -999 -999 -999 -999 -999 -999 -999 -999 -999 -999                                    
1892 -999 -999 -999 -999 -999 -999 -999 -999 -999 -999 -999 -999                                    
1893 -999 -999 -999 -999 -999 -999 -999 -999 -999 -999 -999 -999                                    
1894 -999 -999 -999 -999 -999 -999 -999 -999 -999 -999 -999 -999                                    
1895 -999 -999 -999 -999 -999 -999 -999 -999 -999 -999 -999 -999                                    
1896 -999 -999 -999 -999 -999 -999 -999 -999 -999 -999 -999 -999                                    
1897 -999 -999 -999 -999 -999 -999 -999 -999 -999 -999 -999 -999                                    
1898 -999 -999 -999 -999 -999 -999 -999 -999 -999 -999 -999 -999                                    
1899 -999 -999 -999 -999 -999 -999 -999 -999 -999 -999 -999 -999                                    
1900 -999 -999 -999 -999 -999 -999 -999 -999 -999 -999 -999 -999                                    
1901 -999 -999 -999 -999 -999 -999 -999 -999 -999 -999 -999 -999                                    
1902 -999 -999 -999 -999 -999 -999 -999 -999 -999 -999 -999 -999                                    
1903 -999 -999 -999 -999 -999 -999 -999 -999 -999 -999 -999 -999                                    
1904 -999 -999 -999 -999 -999 -999 -999 -999 -999 -999 -999 -999                                    
1905 -999 -999 -999 -999 -999 -999 -999 -999 -999 -999 -999 -999                                    
1906 -999 -999 -999 -999 -999 -999 -999 -999 -999 -999 -999 -999                                    
1907 -999 -999 -999 -999 -999 -999 -999 -999 -999 -999 -999 -999                                    
1908 -999 -999 -999 -999 -999 -999 -999 -999 -999 -999 -999 -999                                    
1909 -999 -999 -999 -999 -999 -999 -999 -999 -999 -999 -999 -999                                    
1910 -999 -999 -999 -999 -999 -999 -999 -999 -999 -999 -999 -999                                    
1911 -999 -999 -999 -999 -999 -999 -999 -999 -999 -999 -999 -999                                    
1912 -999 -999 -999 -999 -999 -999 -999 -999 -999 -999 -999 -999                                    
1913 -999 -999 -999 -999 -999 -999 -999 -999 -999 -999 -999 -999                                    
1914 -999 -999 -999 -999 -999 -999 -999 -999 -999 -999 -999 -999                                    
1915 -999 -999 -999 -999 -999 -999 -999 -999 -999 -999 -999 -999                                    
1916 -999 -999 -999 -999 -999 -999 -999 -999 -999 -999 -999 -999                                    
1917 -999 -999 -999 -999 -999 -999 -999 -999 -999 -999 -999 -999                                    
1918 -999 -999 -999 -999 -999 -999 -999 -999 -999 -999 -999 -999                                    
1919 -999 -999 -999 -999 -999 -999 -999 -999 -999 -999 -999 -999                                    
1920 -999 -999 -999 -999 -999 -999 -999 -999 -999 -999 -999 -999                                    
1921 -999 -999 -999 -999 -999 -999 -999 -999 -999 -999 -999 -999                                    
1922 -999 -999 -999 -999 -999 -999 -999 -999 -999 -999 -999 -999                                    
1923 -999 -999 -999 -999 -999 -999 -999 -999 -999 -999 -999 -999                                    
1924 -999 -999 -999 -999 -999 -999 -999 -999 -999 -999 -999 -999                                    
1925 -999 -999 -999 -999 -999 -999 -999 -999 -999 -999 -999 -999                                    
1926 -999 -999 -999 -999 -999 -999 -999 -999 -999 -999 -999 -999                                    
1927 -999 -999 -999 -999 -999 -999 -999 -999 -999 -999 -999 -999                                    
1928 -999 -999 -999 -999 -999 -999 -999 -999 -999 -999 -999 -999                                    
1929 -999 -999 -999 -999 -999 -999 -999 -999 -999 -999 -999 -999                                    
1930 -999 -999 -999 -999 -999 -999 -999 -999 -999 -999 -999 -999                                    
1931 -999 -999 -999 -999 -999 -999 -999 -999 -999 -999 -999 -999                                    
1932 -999 -999 -999 -999 -999 -999 -999 -999 -999 -999 -999 -999                                    
1933 -999 -999 -999 -999 -999 -999 -999 -999 -999 -999 -999 -999                                    
1934 -999 -999 -999 -999 -999 -999 -999 -999 -999 -999 -999 -999                                    
1935 -999 -999 -999 -999 -999 -999 -999 -999 -999 -999 -999 -999                                    
1936 -999 -999 -999 -999 -999 -999 -999 -999 -999 -999 -999 -999                                    
1937 -999 -999 -999 -999 -999 -999 -999 -999 -999 -999 -999 -999                                    
1938 -999 -999 -999 -999 -999 -999 -999 -999 -999 -999 -999 -999                                    
1939 -999 -999 -999 -999 -999 -999 -999 -999 -999 -999 -999 -999                                    
1940 -999 -999 -999 -999 -999 -999 -999 -999 -999 -999 -999 -999                                    
1941 -999 -999 -999 -999 -999 -999 -999 -999 -999 -999 -999 -999                                    
1942 -999 -999 -999 -999 -999 -999 -999 -999 -999 -999 -999 -999                                    
1943 -999 -999 -999 -999 -999 -999 -999 -999 -999 -999 -999 -999                                    
1944 -999 -999 -999 -999 -999 -999 -999 -999 -999 -999 -999 -999                                    
1945 -999 -999 -999 -999 -999 -999 -999 -999 -999 -999 -999 -999                                    
1946 -999 -999 -999 -999 -999 -999 -999 -999 -999 -999 -999 -999                                    
1947 -999 -999 -999 -999 -999 -999 -999 -999 -999 -999 -999 -999                                    
1948 -999 -999 -999 -999 -999 -999 -999 -999 -999 -999 -999 -999                                    
1949 -999 -999 -999 -999 -999 -999 -999 -999 -999 -999 -999 -999                                    
1950 -999 -999 -999 -999 -999 -999 -999 -999 -999 -999 -999 -999                                    
1951    0    8   12   82  114  164  176  184  146   63   68   37                                    
1952    8    8   -2   99  120  149  174  176  112   74   22   -4                                    
1953    2    0   43   93  136  180  185  172  136  106   51   13                                    
1954  -43  -75   28   53  129  178  156  168  142  101   34   37                                    
1955  -19  -30   -2   58  109  147  184  181  144   87   45   25                                    
1956   -1  -98   18   47  131  154  182  148  136   88   18   18                                    
1957   12   34   42   67  106  173  190  162  116   98   52    7                                    
1958   -6    6   -2   50  133  148  182  170  139  103   48   18                                    
1959    4   -2   55   94  130  169  202  186  126   80   32   14                                    
1960    0  -17   27   66  131  168  166  164  128   88   58   26                                    
1961  -14   36   64   99  110  175  161  157  148  114   44  -18                                    
1962   21    8    3   88  104  146  154  156  120   89   35  -28                                    
1963  -88  -66    7   72  136  172  186  176  141   86   74  -29                                    
1964  -15  -14   -8   83  137  182  183  160  136   76   50   14                                    
1965   10  -17    7   70  109  168  154  155  143   78    5   18                                    
1966  -30   -1   36   72  133  180  175  168  132  110   27   17                                    
1967   -6   25   61   69  135  154  189  171  153  117   45    9                                    
1968  -10   -3   49   96  112  177  166  175  143  100   44  -26                                    
1969  -32  -33   -8   67  128  163  189  175  144   96   58  -64                                    
1970  -56  -35    3   55  120  175  170  173  131   91   53   20                                    
1971  -10   20   10   78  143  149  186  190  123   96   39   46                                    
1972  -41    5   46   78  118  159  195  168  115   69   52   12                                    
1973   -4   26   49   60  130  167  184  173  134   74   23    5                                    
1974   25   36   48   78  112  150  160  180  142   72   52   48                                    
1975   50    9   34   69  128  155  194  194  163   82   25   24                                    
1976   -5  -21    2   65  126  164  192  166  132   80   52   -6                                    
1977   -2   16   55   57  124  170  166  168  121   97   59   23                                    
1978    6  -19   40   65  125  160  166  164  121   98   62  -16                                    
1979  -48  -41   27   70  139  180  152  172  138   73   37   32                                    
1980  -56   -2   14   62  105  157  168  165  138   89   36   17                                    
1981   -9    7   58   74  148  165  176  169  141   86   50  -31                                    
1982  -37  -14   49   70  132  165  191  194  158  103   62   22                                    
1983   48  -10   53   89  135  166  199  187  147   97   42    4                                    
1984   14   -2   21   79  132  144  163  182  128  111   37    0                                    
1985  -64  -42   29   76  146  147  178  176  132   97   15   36                                    
1986    0  -73   25   63  151  159  183  170  116   95   66   20                                    
1987  -79  -10   -9   83  104  150  174  157  137   93   56   23                                    
1988   32   27   26   80  148  161  184  174  139   93   25   33                                    
1989   35   44   65   87  138  163  182  175  155  111   32   20                                    
1990   37   64   75   88  140  165  172  183  122  100   50   11                                    
1991   18   24   55   82  100  145  196  182  148   88   45   14                                    
1992   11   34   50   86  145  193  201  199  135   62   47    9                                    
1993   19    8   36   99  147  146  167  163  125   84    2   27                                    
1994   31  -15   51   96  127  156  223  186  142   76   61   35                                    
1995    4   46   36   82  126  154  202  191  135  117   21  -39                                    
1996  -41  -36   -2   83  117  158  158  184  112   95   49  -26                                    
1997  -27   39   47   60  125  162  177  200  137   80   29   18                                    
1998   26   53   40   97  142  166  165  157  136   83    9    1                                    
1999   24    9   50   91  128  157  194  174  165   90   40   25                                    
2000   14   40   49  110  150  165  155  168  128  116   67   30                                    
2001    8   14   28   78  137  148  195  186  128  123   44    3                                    
2002   23   52   52   85  151  173  192  204  146   77   39  -29                                    
2003   -7  -23   32   82  149  186  195  191  147   62   61   32                                    
2004  -24   22   49   92  126  152  172  191  141  102   45   29                                    
2005   29   -5   24   91  132  159  190  166  156  108   48   14                                    
2006  -48   -3    6   87  134  178  227  174  170  122   76   60                                    
2007   51   18   72  106  151  183  182  183  136   85   40   25                                    
2008   33   48   47   84  144  176  192  184  136   98   59   20                                    
2009  -15    3   45  120  132  151  191  191  149   78   72   -1                                    
2010  -56   -4   40   88  110  165  217  184  131   75   48  -46                                    
2011    9  -10   39  117 -999 -999 -999 -999 -999 -999 -999 -999                                    
